,ID,Weekday,Month,AWND,PRCP,SNOW,SNWD,TAVG,TMAX,TMIN,Holiday,Bikes
0,1,3,1,3.7,0.0,0,0,1.7,8.3,-2.7,0,2611.0
1,2,4,1,1.3,0.0,0,0,5.3,9.4,1.7,0,5155.0
2,3,5,1,1.5,12.7,0,0,4.0,5.6,1.1,0,1718.0
3,4,6,1,5.6,5.1,0,0,10.0,19.4,5.6,0,3711.0
4,5,0,1,6.4,0.0,0,0,7.8,11.1,-1.6,0,5262.0
5,6,1,1,2.2,5.1,61,0,-1.9,0.0,-4.3,0,2086.0
6,7,2,1,6.8,0.0,0,0,-3.0,-1.0,-9.3,0,3063.0
7,8,3,1,5.1,0.0,0,0,-8.2,-3.2,-11.0,0,2976.0
8,9,4,1,5.5,0.0,0,0,-0.6,5.6,-3.2,0,4237.0
9,10,5,1,3.5,0.0,0,0,-3.2,-1.0,-7.1,0,2694.0
10,11,6,1,2.2,0.0,0,0,-1.7,6.1,-6.0,0,3486.0
11,12,0,1,1.8,19.1,0,0,2.9,6.1,1.7,0,2168.0
12,13,1,1,5.4,0.0,0,0,3.1,5.6,-1.6,0,5520.0
13,14,2,1,3.6,0.0,5,0,-1.2,0.6,-3.2,0,4598.0
14,15,3,1,2.6,0.0,0,0,1.5,5.6,0.0,0,5812.0
15,16,4,1,4.3,0.0,0,0,2.7,8.9,-2.7,0,5729.0
16,17,5,1,4.0,0.0,0,0,1.5,4.4,-2.1,0,4265.0
17,18,6,1,2.2,15.2,0,0,3.2,7.2,1.1,0,2548.0
18,19,0,1,2.8,0.0,0,0,6.6,10.0,0.6,0,4687.0
19,20,1,1,0.9,0.0,0,0,3.7,10.0,-0.5,0,6316.0
20,21,2,1,2.0,2.0,10,0,2.7,3.9,1.1,0,5402.0
21,22,3,1,3.7,0.0,0,0,4.3,9.4,2.2,0,6424.0
22,23,4,1,2.3,16.5,0,0,3.4,6.1,-0.5,0,4774.0
23,24,5,1,4.3,12.2,0,0,3.8,7.2,2.8,0,3504.0
24,25,6,1,2.7,0.0,0,0,6.4,11.1,2.2,0,5210.0
25,26,0,1,5.9,5.3,13,0,4.6,7.8,-1.6,0,2448.0
26,27,1,1,6.6,0.3,3,0,0.2,2.8,-1.0,1,4102.0
27,28,2,1,6.0,0.0,0,0,-0.6,3.9,-4.3,0,5131.0
28,29,3,1,2.6,1.3,0,0,0.1,4.4,-3.2,0,4679.0
29,30,4,1,6.9,0.0,0,0,4.0,6.1,-4.9,0,4905.0
30,31,5,1,4.3,0.0,0,0,-2.9,2.2,-6.6,0,3371.0
31,32,6,2,1.8,1.0,0,0,0.8,6.7,-2.7,0,3621.0
32,33,0,2,5.5,2.3,0,0,4.6,10.0,-2.7,0,3911.0
33,34,1,2,4.2,0.0,0,0,-1.4,3.9,-3.8,0,5162.0
34,35,2,2,3.9,0.0,0,0,2.9,12.8,-1.6,0,6138.0
35,36,3,2,7.5,0.0,0,0,3.7,6.7,-6.0,0,5076.0
36,37,4,2,3.2,0.0,0,0,-3.6,3.3,-8.2,0,5006.0
37,38,5,2,1.7,0.0,0,0,2.3,10.0,-3.2,0,5036.0
38,39,6,2,2.1,0.0,0,0,6.9,20.0,1.7,0,6829.0
39,40,0,2,4.7,1.8,0,0,5.3,7.2,1.1,0,5017.0
40,41,1,2,6.8,0.5,0,0,2.0,4.4,0.6,0,5768.0
41,42,2,2,3.4,0.0,0,0,2.4,8.3,-1.6,0,6708.0
42,43,3,2,5.9,0.0,0,0,2.9,6.7,-6.6,0,5509.0
43,44,4,2,5.8,0.0,0,0,-5.1,-1.0,-9.3,0,4078.0
44,45,5,2,6.0,0.0,3,0,-0.7,7.2,-7.7,0,3004.0
45,46,6,2,9.8,0.0,0,0,-7.3,-5.5,-11.6,0,1055.0
46,47,0,2,3.4,7.4,74,0,-9.8,-6.6,-12.1,1,1335.0
47,48,1,2,2.6,5.8,46,0,-6.3,-0.5,-8.2,0,1198.0
48,49,2,2,3.5,0.0,3,0,-4.2,1.1,-10.5,0,3183.0
49,50,3,2,7.3,0.0,3,0,-7.0,-6.0,-11.6,0,2720.0
50,51,4,2,3.9,0.0,0,0,-10.6,-5.5,-14.9,0,2517.0
51,52,5,2,4.4,17.8,66,0,-6.8,1.7,-9.9,0,758.0
52,53,6,2,1.5,2.5,0,0,3.7,10.0,1.7,0,2021.0
53,54,0,2,6.6,0.0,0,0,2.1,5.0,-7.1,0,3655.0
54,55,1,2,3.8,0.0,0,0,-5.8,-1.0,-9.9,0,3921.0
55,56,2,2,1.9,0.0,0,0,-1.4,5.6,-6.0,0,5016.0
56,57,3,2,3.1,3.6,56,0,1.9,3.9,-0.5,0,3531.0
57,58,4,2,4.6,0.0,0,0,0.7,1.7,-3.8,0,4699.0
58,59,5,2,2.3,0.0,0,0,-3.2,0.6,-6.6,1,3294.0
59,60,6,3,2.5,13.0,3,0,-1.9,1.1,-4.3,0,802.0
60,61,0,3,4.2,0.0,0,0,3.2,7.8,0.6,0,4118.0
61,62,1,3,4.1,1.0,0,0,1.0,5.0,-0.5,0,3884.0
62,63,2,3,2.6,8.6,0,0,5.7,10.6,3.9,0,4187.0
63,64,3,3,5.7,22.1,122,0,3.5,7.2,-4.9,0,560.0
64,65,4,3,3.3,0.0,0,0,-4.9,-1.0,-9.3,0,1987.0
65,66,5,3,3.5,0.0,0,0,-1.2,9.4,-7.1,0,3271.0
66,67,6,3,2.6,0.0,0,0,7.9,15.0,0.0,0,5529.0
67,68,0,3,1.3,0.0,0,0,8.4,16.7,2.8,0,8175.0
68,69,1,3,1.6,11.2,0,0,7.7,10.0,3.9,0,4015.0
69,70,2,3,2.8,0.0,0,0,11.8,19.4,7.8,0,7909.0
70,71,3,3,4.0,0.0,0,0,11.3,15.6,6.1,0,9215.0
71,72,4,3,2.2,0.3,0,0,8.1,12.8,2.8,0,8084.0
72,73,5,3,3.6,15.2,0,0,9.7,15.6,7.2,0,3669.0
73,74,6,3,5.7,0.0,0,0,11.7,14.4,6.7,0,6668.0
74,75,0,3,1.6,0.0,0,0,9.8,20.6,3.3,0,9022.0
75,76,1,3,6.5,0.0,0,0,14.0,22.8,4.4,0,9246.0
76,77,2,3,4.7,0.0,0,0,6.6,11.7,2.2,0,7527.0
77,78,3,3,1.9,0.0,0,0,7.8,11.7,3.9,0,8202.0
78,79,4,3,3.8,12.4,0,0,4.7,7.8,2.2,0,2956.0
79,80,5,3,2.7,0.0,0,0,6.7,16.1,1.7,0,9436.0
80,81,6,3,5.1,0.0,0,0,10.8,13.3,7.2,0,8233.0
81,82,0,3,3.6,0.0,0,0,6.8,10.6,4.0,1,8134.0
82,83,1,3,2.6,0.0,0,0,6.0,8.3,2.8,0,7875.0
83,84,2,3,2.1,0.0,0,0,5.8,12.2,1.7,0,7553.0
84,85,3,3,4.7,8.9,0,0,13.9,25.0,9.4,0,8778.0
85,86,4,3,5.2,9.1,0,0,10.7,11.1,5.0,0,6141.0
86,87,5,3,7.1,0.0,0,0,3.7,5.6,-0.5,0,4676.0
87,88,6,3,4.4,0.0,0,0,2.1,9.4,-2.1,0,5861.0
88,89,0,3,5.0,0.5,0,0,10.4,18.9,5.6,0,9196.0
89,90,1,3,6.3,0.3,0,0,14.0,22.8,6.1,0,8198.0
90,91,2,4,3.8,0.0,0,0,10.1,16.1,4.4,0,9874.0
91,92,3,4,7.0,0.0,0,0,13.4,23.3,5.6,0,11273.0
92,93,4,4,5.5,4.8,0,0,19.2,22.8,16.1,0,6425.0
93,94,5,4,6.2,1.3,0,0,16.3,20.0,7.2,0,10433.0
94,95,6,4,4.9,0.0,0,0,12.6,20.6,4.4,0,10181.0
95,96,0,4,4.8,0.0,0,0,16.3,25.0,8.9,0,12638.0
96,97,1,4,3.6,4.3,0,0,18.9,22.8,11.7,0,11109.0
97,98,2,4,5.0,3.3,0,0,11.8,11.7,7.2,0,7437.0
98,99,3,4,3.7,1.0,0,0,8.3,10.0,7.2,0,7826.0
99,100,4,4,3.1,0.3,0,0,10.3,20.0,7.2,0,9393.0
100,101,5,4,4.9,0.0,0,0,17.1,20.0,10.6,0,16726.0
101,102,6,4,2.2,0.0,0,0,14.6,21.1,6.1,0,15724.0
102,103,0,4,5.4,0.0,0,0,17.6,26.7,11.1,0,12676.0
103,104,1,4,3.4,16.3,0,0,17.4,19.4,12.2,0,3824.0
104,105,2,4,3.1,0.0,0,0,15.2,20.0,11.1,0,11119.0
105,106,3,4,2.8,1.0,0,0,16.9,23.3,11.1,0,11687.0
106,107,4,4,2.6,0.8,0,0,19.2,26.1,15.0,0,12546.0
107,108,5,4,1.7,0.0,0,0,21.9,28.9,16.1,0,16004.0
108,109,6,4,6.0,9.4,0,0,19.0,20.6,12.8,0,10250.0
109,110,0,4,5.2,19.6,0,0,19.5,27.8,13.9,0,9066.0
110,111,1,4,5.1,4.1,0,0,18.3,21.7,12.2,0,11630.0
111,112,2,4,5.3,0.0,0,0,15.8,23.3,10.6,0,10540.0
112,113,3,4,5.5,0.0,0,0,12.0,15.6,7.2,0,10106.0
113,114,4,4,5.7,0.0,0,0,10.3,17.2,3.9,0,10370.0
114,115,5,4,2.8,6.9,0,0,10.6,11.7,7.2,0,7177.0
115,116,6,4,2.1,0.0,0,0,11.6,19.4,7.2,0,10327.0
116,117,0,4,5.5,0.0,0,0,13.3,16.7,8.3,0,8864.0
117,118,1,4,5.2,0.0,0,0,14.6,22.2,8.9,0,10995.0
118,119,2,4,1.8,0.0,0,0,18.6,25.6,11.1,0,11652.0
119,120,3,4,2.9,13.7,0,0,18.3,23.3,13.3,0,10255.0
120,121,4,5,3.2,2.8,0,0,15.1,17.8,12.2,0,10351.0
121,122,5,5,2.2,0.0,0,0,16.7,25.6,10.6,0,12570.0
122,123,6,5,2.1,0.0,0,0,20.3,28.9,13.3,0,12098.0
123,124,0,5,4.3,0.0,0,0,21.4,28.9,13.3,0,11987.0
124,125,1,5,3.1,1.3,0,0,22.9,30.0,17.8,0,11093.0
125,126,2,5,2.4,0.0,0,0,22.3,28.3,17.8,0,11483.0
126,127,3,5,2.5,0.0,0,0,21.9,27.2,16.7,1,12316.0
127,128,4,5,2.1,0.0,0,0,22.9,28.9,17.8,0,13427.0
128,129,5,5,2.9,0.0,0,0,22.6,28.3,18.3,0,11284.0
129,130,6,5,3.0,0.0,0,0,24.6,29.4,20.6,0,11089.0
130,131,0,5,2.2,0.0,0,0,24.4,28.3,21.7,0,12133.0
131,132,1,5,4.7,0.0,0,0,26.0,32.2,21.7,0,12056.0
132,133,2,5,7.0,0.0,0,0,20.7,22.2,13.3,0,11774.0
133,134,3,5,3.2,0.0,0,0,16.6,22.8,11.7,0,12615.0
134,135,4,5,4.5,0.0,0,0,19.1,25.6,14.4,0,13641.0
135,136,5,5,3.5,16.8,0,0,23.4,31.1,19.4,0,11196.0
136,137,6,5,2.0,0.0,0,0,24.3,30.6,21.1,0,10933.0
137,138,0,5,2.2,19.3,0,0,27.2,33.3,22.2,0,10442.0
138,139,1,5,2.7,0.0,0,0,26.6,32.2,22.2,0,12063.0
139,140,2,5,6.6,0.0,0,0,22.2,23.9,16.7,0,12981.0
140,141,3,5,3.2,8.4,0,0,15.3,17.2,11.7,0,6981.0
141,142,4,5,4.7,0.0,0,0,17.2,26.1,11.1,0,12522.0
142,143,5,5,3.5,0.0,0,0,19.1,23.9,12.2,0,12706.0
143,144,6,5,3.6,0.0,0,0,20.4,27.8,13.9,0,13564.0
144,145,0,5,5.2,0.0,0,0,24.4,29.4,19.4,0,11990.0
145,146,1,5,4.9,0.0,0,0,25.3,31.1,20.6,0,11351.0
146,147,2,5,3.9,0.3,0,0,26.5,32.2,23.9,1,11470.0
147,148,3,5,2.8,0.0,0,0,26.9,33.3,22.8,0,11625.0
148,149,4,5,3.4,0.0,0,0,25.9,30.6,23.3,0,12058.0
149,150,5,5,4.9,0.0,0,0,26.7,32.2,22.2,0,12657.0
150,151,6,5,5.3,0.0,0,0,27.3,33.3,23.3,0,10917.0
151,152,0,6,3.7,63.2,0,0,27.2,33.3,21.7,0,8101.0
152,153,1,6,4.8,11.7,0,0,20.0,22.2,15.6,0,8054.0
153,154,2,6,4.7,0.3,0,0,16.2,17.8,15.0,0,9879.0
154,155,3,6,4.3,9.4,0,0,16.8,18.3,15.0,0,6356.0
155,156,4,6,2.2,0.8,0,0,18.2,23.9,15.6,0,11075.0
156,157,5,6,4.0,0.0,0,0,22.9,29.4,18.3,0,12665.0
157,158,6,6,4.1,0.0,0,0,23.2,26.1,19.4,0,11661.0
158,159,0,6,5.7,16.5,0,0,23.6,31.1,18.3,1,9959.0
159,160,1,6,5.2,0.0,0,0,25.9,31.7,22.2,0,11764.0
160,161,2,6,3.2,0.0,0,0,25.6,28.9,20.0,0,11586.0
161,162,3,6,3.5,0.0,0,0,26.8,33.9,21.7,0,11844.0
162,163,4,6,4.3,0.5,0,0,29.3,34.4,25.0,0,10867.0
163,164,5,6,2.7,0.0,0,0,28.3,33.3,23.9,0,11754.0
164,165,6,6,2.2,13.2,0,0,29.5,33.9,25.6,0,9490.0
165,166,0,6,2.7,2.0,0,0,28.6,33.9,25.6,0,9975.0
166,167,1,6,4.1,0.0,0,0,29.8,35.6,25.0,0,11492.0
167,168,2,6,2.2,4.6,0,0,26.8,28.9,23.3,0,11173.0
168,169,3,6,2.8,13.5,0,0,25.8,32.8,22.2,0,9990.0
169,170,4,6,3.1,3.0,0,0,26.9,31.7,22.8,0,12019.0
170,171,5,6,2.9,60.2,0,0,27.9,33.3,23.3,0,9305.0
171,172,6,6,4.1,0.8,0,0,28.2,34.4,24.4,0,8775.0
172,173,0,6,3.4,0.0,0,0,30.4,34.4,25.6,0,11258.0
173,174,1,6,4.7,21.3,0,0,30.3,35.6,23.9,0,9184.0
174,175,2,6,3.8,0.0,0,0,25.5,30.0,21.1,0,12581.0
175,176,3,6,2.6,12.2,0,0,26.4,30.6,21.1,0,11119.0
176,177,4,6,2.6,0.0,0,0,24.4,28.3,20.6,0,13027.0
177,178,5,6,4.7,69.9,0,0,23.2,25.6,20.6,0,3301.0
178,179,6,6,3.8,0.0,0,0,23.1,27.8,19.4,0,11601.0
179,180,0,6,3.4,0.0,0,0,23.6,28.9,17.2,0,12191.0
180,181,1,6,4.0,0.3,0,0,25.8,31.7,21.7,0,11970.0
181,182,2,7,3.1,33.0,0,0,25.7,31.1,20.6,1,11223.0
182,183,3,7,1.9,0.5,0,0,23.9,25.0,20.0,0,11257.0
183,184,4,7,1.7,0.8,0,0,23.6,28.3,18.9,0,12791.0
184,185,5,7,1.4,21.6,0,0,24.2,29.4,22.2,0,10288.0
185,186,6,7,1.7,0.0,0,0,25.1,30.6,21.7,0,12199.0
186,187,0,7,3.2,0.5,0,0,27.2,31.7,24.4,0,10902.0
187,188,1,7,3.7,0.0,0,0,27.6,32.8,23.9,0,12223.0
188,189,2,7,3.6,28.4,0,0,28.1,33.3,25.6,0,9495.0
189,190,3,7,3.3,0.8,0,0,28.4,33.3,25.6,0,11045.0
190,191,4,7,4.3,0.0,0,0,28.4,31.1,25.0,0,13013.0
191,192,5,7,2.2,2.3,0,0,27.2,31.1,23.9,0,12420.0
192,193,6,7,2.0,0.0,0,0,26.6,31.1,21.1,0,11711.0
193,194,0,7,2.0,0.8,0,0,25.7,27.8,23.3,0,10224.0
194,195,1,7,3.2,0.0,0,0,27.1,31.7,24.4,0,11591.0
195,196,2,7,4.8,0.3,0,0,27.3,31.1,22.2,0,12088.0
196,197,3,7,3.0,0.0,0,0,24.6,30.6,18.9,0,13257.0
197,198,4,7,3.7,0.0,0,0,25.1,29.4,21.7,0,12627.0
198,199,5,7,3.5,1.0,0,0,27.3,31.1,25.0,0,11096.0
199,200,6,7,2.6,0.0,0,0,30.0,36.7,26.1,0,10148.0
200,201,0,7,3.1,0.0,0,0,31.6,36.1,27.8,0,10856.0
201,202,1,7,3.0,0.0,0,0,30.9,33.3,26.1,0,11811.0
202,203,2,7,4.2,0.0,0,0,27.6,31.7,22.2,0,12934.0
203,204,3,7,2.9,0.0,0,0,26.7,31.1,21.7,0,12992.0
204,205,4,7,3.0,0.0,0,0,26.9,32.2,20.6,0,13339.0
205,206,5,7,3.3,0.0,0,0,27.3,32.2,22.2,0,12902.0
206,207,6,7,5.1,0.0,0,0,27.9,32.8,23.3,0,11314.0
207,208,0,7,2.6,23.9,0,0,27.7,32.2,22.8,0,10919.0
208,209,1,7,1.9,0.0,0,0,28.6,34.4,25.0,0,11976.0
209,210,2,7,3.8,0.0,0,0,28.6,33.3,25.6,0,12170.0
210,211,3,7,3.6,13.5,0,0,28.6,33.3,25.6,0,10808.0
211,212,4,7,3.5,0.0,0,0,28.7,33.3,23.3,0,12396.0
212,213,5,8,3.1,0.0,0,0,28.4,33.3,23.3,0,12043.0
213,214,6,8,2.9,0.0,0,0,27.9,32.8,22.8,0,11447.0
214,215,0,8,4.3,0.0,0,0,27.7,33.9,22.2,0,12085.0
215,216,1,8,3.3,1.0,0,0,29.9,35.6,24.4,0,11626.0
216,217,2,8,2.8,0.0,0,0,28.6,33.9,23.9,0,12501.0
217,218,3,8,3.4,0.0,0,0,27.2,29.4,23.9,0,12617.0
218,219,4,8,3.8,1.3,0,0,24.8,28.3,21.1,0,12181.0
219,220,5,8,3.7,0.0,0,0,26.7,31.1,23.3,0,12970.0
220,221,6,8,3.3,0.0,0,0,26.4,31.7,22.2,0,11651.0
221,222,0,8,4.7,3.8,0,0,24.6,26.1,22.2,0,10494.0
222,223,1,8,4.1,8.6,0,0,25.9,32.2,22.8,0,11342.0
223,224,2,8,4.7,0.0,0,0,25.9,29.4,21.1,0,12485.0
224,225,3,8,2.9,0.0,0,0,24.8,29.4,20.0,0,12435.0
225,226,4,8,2.0,0.0,0,0,24.4,31.1,17.8,0,12549.0
226,227,5,8,3.4,0.0,0,0,25.3,32.2,20.0,1,12082.0
227,228,6,8,3.1,0.0,0,0,26.1,34.4,20.6,0,10192.0
228,229,0,8,3.6,0.0,0,0,27.7,35.6,22.2,0,10971.0
229,230,1,8,2.9,0.0,0,0,27.4,32.2,23.3,0,11595.0
230,231,2,8,4.3,0.0,0,0,27.6,32.8,25.0,0,11966.0
231,232,3,8,3.5,4.3,0,0,26.9,30.0,23.3,0,10192.0
232,233,4,8,4.1,0.0,0,0,25.3,30.0,21.7,0,12902.0
233,234,5,8,2.7,0.0,0,0,24.4,30.0,18.3,0,12339.0
234,235,6,8,2.3,0.0,0,0,23.9,29.4,17.8,0,10981.0
235,236,0,8,3.2,10.4,0,0,26.1,32.8,21.7,0,10283.0
236,237,1,8,3.7,0.0,0,0,24.9,29.4,20.6,0,12672.0
237,238,2,8,3.5,0.0,0,0,23.3,27.8,19.4,0,12330.0
238,239,3,8,3.0,0.0,0,0,22.6,27.8,17.2,0,12406.0
239,240,4,8,1.8,0.0,0,0,23.4,28.3,18.3,0,12210.0
240,241,5,8,4.3,0.0,0,0,25.1,31.7,19.4,0,11526.0
241,242,6,8,3.4,0.0,0,0,24.8,30.6,20.6,0,10188.0
242,243,0,8,3.6,0.0,0,0,26.8,31.1,23.3,0,11052.0
243,244,1,9,1.9,0.0,0,0,27.6,35.0,21.7,0,11522.0
244,245,2,9,2.2,0.0,0,0,28.4,34.4,23.9,0,11378.0
245,246,3,9,2.2,0.0,0,0,27.9,35.6,23.3,0,11131.0
246,247,4,9,3.3,0.0,0,0,28.0,33.3,23.9,1,11050.0
247,248,5,9,3.6,0.0,0,0,26.2,30.0,22.8,0,10867.0
248,249,6,9,2.1,0.0,0,0,24.9,30.6,20.0,0,12400.0
249,250,0,9,2.7,0.0,0,0,25.9,32.2,20.6,0,10351.0
250,251,1,9,3.9,0.0,0,0,27.6,33.3,22.2,0,10965.0
251,252,2,9,3.8,0.0,0,0,28.3,34.4,23.9,0,11065.0
252,253,3,9,4.3,2.8,0,0,25.7,28.9,21.1,0,10356.0
253,254,4,9,3.2,0.0,0,0,23.6,30.6,18.3,0,12167.0
254,255,5,9,2.6,4.1,0,0,22.4,23.9,19.4,0,6665.0
255,256,6,9,4.8,0.0,0,0,20.5,23.3,15.6,0,10397.0
256,257,0,9,3.8,0.0,0,0,19.3,26.7,12.8,0,11156.0
257,258,1,9,1.7,0.0,0,0,21.7,28.9,15.6,0,11943.0
258,259,2,9,1.6,0.0,0,0,23.1,30.0,15.6,1,11938.0
259,260,3,9,2.3,0.0,0,0,23.3,30.0,17.2,0,11949.0
260,261,4,9,2.7,0.0,0,0,23.6,30.6,18.3,0,11956.0
261,262,5,9,3.4,0.0,0,0,23.9,30.6,19.4,0,11580.0
262,263,6,9,4.8,0.0,0,0,23.4,27.8,20.0,0,10998.0
263,264,0,9,4.7,5.8,0,0,19.8,21.1,17.2,0,7816.0
264,265,1,9,4.4,0.0,0,0,19.1,23.9,16.7,0,11952.0
265,266,2,9,3.8,0.0,0,0,21.0,26.7,15.6,0,12773.0
266,267,3,9,3.5,0.0,0,0,20.7,26.1,15.6,0,12514.0
267,268,4,9,4.7,0.0,0,0,20.3,22.8,17.2,0,11403.0
268,269,5,9,5.9,0.0,0,0,20.1,23.3,17.8,0,11038.0
269,270,6,9,4.8,0.0,0,0,19.5,23.9,16.7,0,9979.0
270,271,0,9,2.6,0.0,0,0,22.7,28.3,19.4,0,11305.0
271,272,1,9,3.1,41.9,0,0,23.9,26.7,21.7,0,7240.0
272,273,2,9,5.1,0.0,0,0,23.1,25.6,17.2,0,10184.0
273,274,3,10,6.4,19.8,0,0,15.6,17.2,13.9,0,4799.0
274,275,4,10,8.0,24.4,0,0,12.6,14.4,10.0,0,2079.0
275,276,5,10,7.7,4.8,0,0,11.6,14.4,10.0,0,4050.0
276,277,6,10,6.8,0.0,0,0,13.9,15.0,12.2,0,6624.0
277,278,0,10,3.5,0.0,0,0,14.8,20.6,11.1,0,10445.0
278,279,1,10,1.8,0.0,0,0,16.6,25.0,10.0,0,11551.0
279,280,2,10,1.4,0.0,0,0,18.8,25.6,14.4,0,11734.0
280,281,3,10,1.7,0.0,0,0,18.9,25.6,13.9,0,11711.0
281,282,4,10,3.6,10.2,0,0,20.3,26.1,16.7,1,10501.0
282,283,5,10,3.6,0.0,0,0,16.9,18.9,10.6,0,10269.0
283,284,6,10,1.6,0.0,0,0,14.3,21.7,8.3,0,10491.0
284,285,0,10,2.6,0.0,0,0,16.0,23.9,10.0,0,10495.0
285,286,1,10,3.0,0.0,0,0,18.7,25.6,15.0,0,10803.0
286,287,2,10,3.1,0.0,0,0,17.5,21.7,12.8,0,11406.0
287,288,3,10,3.8,0.0,0,0,15.8,20.0,11.7,0,11506.0
288,289,4,10,4.1,0.0,0,0,14.8,19.4,10.6,0,11263.0
289,290,5,10,4.4,0.0,0,0,12.1,15.6,6.7,0,8782.0
290,291,6,10,4.7,0.0,0,0,8.2,12.2,3.3,0,6978.0
291,292,0,10,3.0,0.0,0,0,7.8,13.3,2.8,0,9074.0
292,293,1,10,2.9,0.0,0,0,11.4,20.0,6.7,0,10036.0
293,294,2,10,2.1,0.0,0,0,14.4,22.8,8.9,0,10678.0
294,295,3,10,2.6,0.0,0,0,16.0,24.4,10.0,0,11287.0
295,296,4,10,3.5,0.0,0,0,17.6,21.1,11.1,0,11470.0
296,297,5,10,3.0,0.0,0,0,12.5,16.7,8.3,0,9730.0
297,298,6,10,4.3,0.8,0,0,15.9,21.7,12.2,0,8587.0
298,299,0,10,3.1,0.0,0,0,12.8,16.1,7.8,0,9973.0
299,300,1,10,3.5,0.0,0,0,10.6,15.0,6.7,0,9797.0
300,301,2,10,5.9,16.5,0,0,16.8,21.1,12.8,0,5179.0
301,302,3,10,2.9,0.8,0,0,19.4,22.8,13.3,0,10632.0
302,303,4,10,5.2,0.0,0,0,13.3,16.1,7.8,0,9700.0
303,304,5,10,2.9,0.0,0,0,10.6,16.1,5.6,0,8721.0
304,305,6,11,3.8,1.0,0,0,14.1,17.8,11.7,0,7211.0
305,306,0,11,0.7,0.0,0,0,15.4,18.9,10.6,0,9446.0
306,307,1,11,0.5,0.0,0,0,13.9,22.2,7.8,0,10508.0
307,308,2,11,1.0,0.5,0,0,15.4,23.9,8.9,0,10822.0
308,309,3,11,1.7,3.8,0,0,16.9,22.2,14.4,0,10553.0
309,310,4,11,4.4,0.0,0,0,20.0,26.7,15.6,0,11609.0
310,311,5,11,3.2,2.8,0,0,17.9,21.7,12.2,0,5610.0
311,312,6,11,3.3,0.0,0,0,12.1,14.4,6.7,0,8995.0
312,313,0,11,2.9,13.5,0,0,8.7,11.7,5.0,0,6715.0
313,314,1,11,5.1,6.1,0,0,12.9,16.1,10.6,0,5773.0
314,315,2,11,4.7,0.0,0,0,14.1,19.0,10.6,0,8901.0
315,316,3,11,3.0,0.3,0,0,12.8,18.9,9.4,0,8476.0
316,317,4,11,5.1,0.0,0,0,14.9,16.7,9.4,0,9262.0
317,318,5,11,5.1,0.0,0,0,10.4,12.8,5.0,0,7171.0
318,319,6,11,3.4,0.0,0,0,8.9,17.8,2.2,0,7441.0
319,320,0,11,1.6,0.0,0,0,12.7,21.1,5.6,0,9156.0
320,321,1,11,3.3,0.0,0,0,11.6,16.1,7.8,0,9226.0
321,322,2,11,4.0,0.0,0,0,12.6,18.3,7.8,0,9768.0
322,323,3,11,3.3,16.0,0,0,17.2,18.3,15.0,0,6255.0
323,324,4,11,5.2,0.0,0,0,13.2,15.6,5.6,0,9097.0
324,325,5,11,2.6,0.0,0,0,8.1,12.8,3.3,0,7299.0
325,326,6,11,6.4,0.0,0,0,8.5,9.4,2.8,0,4948.0
326,327,0,11,4.9,0.0,0,0,3.2,5.6,0.0,1,6601.0
327,328,1,11,2.9,0.0,0,0,5.7,13.3,0.6,0,7500.0
328,329,2,11,2.4,0.0,0,0,7.6,14.4,2.8,0,6864.0
329,330,3,11,1.1,0.0,0,0,9.6,17.8,4.4,0,3394.0
330,331,4,11,2.4,0.0,0,0,10.7,18.3,5.6,0,6240.0
331,332,5,11,2.1,0.0,0,0,12.6,17.8,9.4,0,6418.0
332,333,6,11,4.0,4.3,0,0,11.2,15.0,7.2,0,2877.0
333,334,0,11,4.6,5.1,0,0,5.8,7.2,3.9,0,4160.0
334,335,1,12,2.1,21.6,0,0,7.8,8.9,6.7,0,3954.0
335,336,2,12,2.6,5.6,0,0,10.7,15.0,8.9,0,5740.0
336,337,3,12,6.1,0.0,0,0,9.8,11.7,5.6,0,7969.0
337,338,4,12,2.3,0.0,0,0,6.8,11.7,2.2,0,7940.0
338,339,5,12,1.1,0.0,0,0,6.4,12.2,0.6,0,7087.0
339,340,6,12,1.3,0.0,0,0,5.4,11.1,0.6,0,5979.0
340,341,0,12,2.4,0.0,0,0,7.9,15.6,2.2,0,7928.0
341,342,1,12,1.7,0.0,0,0,8.3,13.3,3.3,0,8458.0
342,343,2,12,2.2,0.0,0,0,6.6,9.4,3.9,0,7982.0
343,344,3,12,1.2,0.0,0,0,9.4,17.2,5.0,0,8685.0
344,345,4,12,1.7,0.0,0,0,10.9,18.9,5.6,0,8722.0
345,346,5,12,1.5,0.0,0,0,12.2,20.0,7.2,0,8720.0
346,347,6,12,2.3,0.0,0,0,13.5,21.7,8.9,1,8034.0
347,348,0,12,5.1,3.3,0,0,15.6,20.6,11.7,0,6645.0
348,349,1,12,5.5,0.0,0,0,16.5,19.4,8.3,0,8804.0
349,350,2,12,2.4,0.0,0,0,9.8,13.9,5.0,0,8624.0
350,351,3,12,1.6,10.7,0,0,9.9,12.2,8.3,0,4553.0
351,352,4,12,6.1,0.0,0,0,8.6,11.1,1.7,0,6698.0
352,353,5,12,4.4,0.0,0,0,3.0,7.2,-1.0,0,4279.0
353,354,6,12,2.8,0.0,0,0,3.7,7.8,0.0,0,4219.0
354,355,0,12,5.3,0.0,0,0,7.7,14.4,3.3,0,6675.0
355,356,1,12,3.5,3.6,0,0,12.8,16.7,10.6,0,4934.0
356,357,2,12,2.6,42.4,0,0,15.2,18.9,12.2,0,2263.0
357,358,3,12,4.5,5.1,0,0,18.8,21.7,15.6,0,2796.0
358,359,4,12,2.1,7.6,0,0,17.9,20.6,13.9,1,1502.0
359,360,5,12,3.8,0.3,0,0,14.3,15.6,10.6,0,2702.0
360,361,6,12,5.1,0.5,0,0,13.9,21.1,10.6,0,4623.0
361,362,0,12,6.3,5.8,0,0,10.6,15.6,5.0,0,4459.0
362,363,1,12,3.0,12.7,0,0,8.2,11.7,6.7,0,5253.0
363,364,2,12,2.1,3.8,0,0,10.6,12.8,9.4,0,5275.0
364,365,3,12,3.8,0.0,0,0,11.2,13.9,6.7,0,5855.0
365,366,4,1,3.7,0.0,0,0,6.7,8.3,2.2,0,3220.0
366,367,5,1,2.8,0.0,0,0,4.2,8.9,0.0,0,4922.0
367,368,6,1,3.5,0.0,0,0,4.9,12.2,0.0,0,4964.0
368,369,0,1,7.5,0.0,0,0,2.0,3.3,-6.0,0,5133.0
369,370,1,1,4.6,0.0,0,0,-4.3,1.1,-8.8,0,4850.0
370,371,2,1,1.7,0.0,0,0,-1.7,4.4,-6.6,0,5712.0
371,372,3,1,1.2,0.0,0,0,3.3,6.1,1.1,0,6592.0
372,373,4,1,2.0,0.0,0,0,5.1,7.2,4.4,0,6153.0
373,374,5,1,2.1,5.8,0,0,6.9,10.0,5.0,0,5314.0
374,375,6,1,7.6,14.2,0,0,12.5,16.7,2.8,0,5663.0
375,376,0,1,4.4,0.0,0,0,2.3,5.0,-2.1,0,6294.0
376,377,1,1,6.0,0.0,0,0,2.1,8.3,-2.1,0,6490.0
377,378,2,1,4.5,0.0,0,0,-2.0,0.0,-6.0,0,5620.0
378,379,3,1,3.4,0.0,0,0,1.7,11.7,-2.1,0,7164.0
379,380,4,1,2.6,8.1,0,0,5.9,10.0,1.1,0,5983.0
380,381,5,1,4.1,0.3,0,0,7.1,11.7,3.3,0,5908.0
381,382,6,1,2.9,1.3,8,0,2.9,3.3,0.0,1,3400.0
382,383,0,1,7.9,0.0,0,0,-3.1,1.1,-8.8,0,2499.0
383,384,1,1,6.7,0.0,0,0,-6.9,-2.1,-9.3,0,3912.0
384,385,2,1,3.6,0.8,18,0,-4.5,-0.5,-7.1,0,4321.0
385,386,3,1,5.4,0.0,0,0,-2.3,1.1,-4.3,0,4228.0
386,387,4,1,5.2,13.0,165,0,-3.3,-1.6,-5.5,0,2985.0
387,388,2,1,10.2,24.6,287,0,-3.7,-1.6,-4.3,0,528.0
388,389,3,1,4.1,0.0,0,0,-2.1,1.7,-7.1,0,2022.0
389,390,4,1,1.0,0.0,0,0,-2.9,5.6,-8.8,0,2942.0
390,391,5,1,3.5,0.0,0,0,4.1,11.1,-1.0,0,2822.0
391,392,6,1,4.3,0.0,0,0,5.7,8.9,-0.5,0,3611.0
392,393,0,2,1.8,0.0,0,0,0.4,4.4,-3.8,0,4604.0
393,394,1,2,5.4,0.0,0,0,2.4,6.1,-2.1,0,6584.0
394,395,2,2,3.4,0.0,0,0,0.8,5.6,-4.3,0,4243.0
395,396,3,2,4.2,0.0,0,0,6.2,13.9,2.2,0,6691.0
396,397,4,2,4.0,3.0,0,0,10.0,16.1,6.1,0,5822.0
397,398,5,2,2.8,0.0,0,0,6.7,11.7,2.2,0,5042.0
398,399,6,2,3.1,12.7,0,0,7.4,13.9,5.0,0,4664.0
399,400,0,2,5.9,0.5,0,0,11.2,14.4,5.6,0,5994.0
400,401,1,2,6.7,1.0,0,0,4.8,6.7,0.6,0,4053.0
401,402,2,2,2.7,0.0,0,0,2.2,6.7,-2.1,0,5493.0
402,403,3,2,3.3,0.0,0,0,3.1,7.8,-1.0,0,4246.0
403,404,4,2,3.8,0.3,0,0,4.8,7.8,1.1,0,4363.0
404,405,5,2,3.4,5.6,0,0,3.3,4.4,0.0,0,1535.0
405,406,6,2,5.8,0.0,0,0,0.9,3.9,-3.2,0,1851.0
406,407,0,2,6.3,0.0,0,0,-3.3,-1.0,-6.0,0,501.0
407,408,1,2,2.9,0.0,0,0,-4.3,-0.5,-7.1,0,3238.0
408,409,2,2,8.2,0.0,3,0,-4.3,-2.1,-9.3,0,6097.0
409,410,3,2,3.8,0.3,5,0,-7.8,-3.2,-10.5,0,5822.0
410,411,4,2,2.6,11.9,71,0,-4.6,-0.5,-6.6,0,5633.0
411,412,5,2,4.5,17.5,0,0,4.5,11.7,-1.0,0,8245.0
412,413,6,2,3.5,0.0,0,0,4.8,9.4,-0.5,0,4254.0
413,414,0,2,5.1,0.0,0,0,2.6,4.4,-1.0,0,7148.0
414,415,1,2,3.7,0.0,0,0,0.5,5.6,-3.2,0,2585.0
415,416,2,2,5.0,0.0,0,0,8.2,18.3,4.4,0,3279.0
416,417,3,2,3.1,2.3,0,0,10.4,13.9,7.2,0,6330.0
417,418,4,2,3.1,0.0,0,0,8.8,11.7,5.0,0,5345.0
418,419,5,2,4.7,13.2,0,0,6.3,7.2,4.4,0,5432.0
419,420,6,2,4.7,27.9,0,0,8.8,18.3,5.6,0,8732.0
420,421,0,2,7.7,0.0,0,0,10.9,15.6,4.4,0,7828.0
421,422,1,3,7.2,0.0,0,0,3.8,4.4,-0.5,0,8588.0
422,423,2,3,3.2,0.0,0,0,2.2,8.3,-2.7,0,5918.0
423,424,3,3,5.0,0.0,0,0,7.3,18.3,0.6,0,5902.0
424,425,4,3,5.1,0.0,0,0,14.1,18.3,4.4,0,5345.0
425,426,5,3,4.0,0.0,0,0,11.2,18.3,4.4,0,5334.0
426,427,6,3,8.4,2.5,0,0,9.1,15.6,-0.5,1,5899.0
427,428,0,3,3.1,0.5,0,0,1.4,5.0,-1.6,0,9003.0
428,429,1,3,5.5,1.3,8,0,2.2,5.6,0.0,0,10558.0
429,430,2,3,3.3,0.0,0,0,4.0,7.2,1.7,0,11214.0
430,431,3,3,1.9,0.0,0,0,5.4,11.1,2.8,0,10954.0
431,432,4,3,4.8,0.0,0,0,8.3,18.9,2.2,0,11220.0
432,433,5,3,2.2,0.0,0,0,14.9,26.1,7.8,0,10427.0
433,434,6,3,3.1,0.0,0,0,16.3,26.1,8.3,0,5194.0
434,435,0,3,5.1,0.0,0,0,18.7,26.1,13.9,0,7671.0
435,436,1,3,4.1,0.0,0,0,20.2,22.8,13.9,0,8558.0
436,437,2,3,2.1,0.0,0,0,13.6,15.6,10.0,0,13356.0
437,438,3,3,3.6,6.6,0,0,12.9,15.6,9.4,0,10673.0
438,439,4,3,4.8,4.8,0,0,10.3,11.7,8.3,0,11429.0
439,440,5,3,2.4,0.8,0,0,10.9,18.3,8.3,0,3227.0
440,441,6,3,2.0,0.3,0,0,15.4,23.3,9.4,0,4532.0
441,442,0,3,3.9,0.0,0,0,14.8,20.6,9.4,0,7580.0
442,443,1,3,4.7,0.0,0,0,14.6,19.4,8.9,0,9763.0
443,444,2,3,5.0,3.3,0,0,9.0,13.9,3.3,0,12340.0
444,445,3,3,4.3,0.0,0,0,4.4,6.7,2.8,0,13363.0
445,446,4,3,5.0,0.0,0,0,6.1,11.7,2.8,0,12212.0
446,447,5,3,4.6,0.0,0,0,8.3,16.7,1.7,1,14116.0
447,448,6,3,5.3,0.0,0,0,15.9,23.9,11.7,0,8564.0
448,449,0,3,5.2,0.0,0,0,17.3,25.0,10.0,0,8430.0
449,450,1,3,6.8,0.8,0,0,19.1,22.2,9.4,0,10221.0
450,451,2,3,3.3,0.0,0,0,10.4,16.7,5.0,0,10873.0
451,452,3,3,3.2,0.5,0,0,11.8,13.9,8.9,0,11029.0
452,453,4,4,5.8,8.1,0,0,12.7,21.1,9.4,0,10875.0
453,454,5,4,6.8,0.0,0,0,12.3,15.6,7.8,0,9281.0
454,455,6,4,4.3,0.0,0,0,10.9,17.2,5.0,0,6800.0
455,456,0,4,7.8,0.0,0,0,16.4,23.3,12.2,0,10739.0
456,457,1,4,6.3,1.3,0,0,21.6,28.3,17.8,0,7512.0
457,458,2,4,5.5,2.5,0,0,16.1,18.9,7.2,0,9068.0
458,459,3,4,6.8,0.0,0,0,7.8,12.2,2.8,1,5433.0
459,460,4,4,7.0,1.8,0,0,13.8,23.3,3.9,0,9529.0
460,461,5,4,6.6,0.0,0,0,5.0,7.8,-1.0,0,4069.0
461,462,6,4,5.8,0.0,0,0,6.5,13.9,0.0,0,7421.0
462,463,0,4,5.0,17.8,0,0,13.0,18.3,8.9,0,9456.0
463,464,1,4,5.0,0.0,0,0,9.2,12.2,6.1,0,8583.0
464,465,2,4,6.7,4.3,0,0,6.8,10.0,1.1,0,10131.0
465,466,3,4,4.3,0.0,0,0,4.2,11.1,-0.5,0,10523.0
466,467,4,4,7.4,0.3,0,0,12.8,22.8,8.3,0,11395.0
467,468,5,4,7.1,1.3,0,0,17.4,20.0,8.9,0,13505.0
468,469,6,4,2.8,0.0,0,0,10.6,15.0,6.1,0,12367.0
469,470,0,4,2.2,0.0,0,0,11.2,17.8,4.4,0,11882.0
470,471,1,4,2.0,0.0,0,0,12.2,17.8,5.6,0,11927.0
471,472,2,4,2.8,0.0,0,0,14.1,22.2,7.2,0,11650.0
472,473,3,4,1.6,0.0,0,0,14.8,23.3,8.3,0,11447.0
473,474,4,4,2.1,0.0,0,0,19.6,29.4,10.6,0,11093.0
474,475,5,4,4.7,0.0,0,0,21.2,28.9,13.3,0,8487.0
475,476,6,4,3.6,0.0,0,0,16.8,21.7,10.0,0,11948.0
476,477,0,4,4.7,0.0,0,0,15.9,24.4,9.4,0,11694.0
477,478,1,4,4.8,0.0,0,0,20.3,24.4,17.8,0,11718.0
478,479,2,4,5.6,6.6,0,0,18.2,21.7,12.8,0,8360.0
479,480,3,4,3.7,0.0,0,0,14.6,19.4,7.8,0,5195.0
480,481,4,4,3.5,0.0,0,0,16.7,25.6,10.6,0,8258.0
481,482,5,4,5.1,0.0,0,0,23.3,30.0,18.3,1,8511.0
482,483,6,5,3.5,0.8,0,0,16.9,21.7,11.7,0,4376.0
483,484,0,5,3.7,14.7,0,0,12.2,13.3,8.9,0,8139.0
484,485,1,5,3.3,0.3,0,0,10.2,13.3,8.9,0,8132.0
485,486,2,5,2.7,0.5,0,0,12.1,14.4,10.6,0,9625.0
486,487,3,5,3.1,12.2,0,0,12.7,15.0,11.1,0,8726.0
487,488,4,5,2.5,31.5,0,0,16.1,25.0,12.8,0,3102.0
488,489,5,5,3.3,4.3,0,0,18.7,22.8,14.4,0,9225.0
489,490,6,5,4.1,0.8,0,0,14.2,15.6,11.7,0,10803.0
490,491,0,5,4.9,0.5,0,0,11.9,14.4,10.6,0,9164.0
491,492,1,5,3.9,20.1,0,0,12.2,12.8,10.6,0,10242.0
492,493,2,5,3.0,3.6,0,0,13.3,19.4,10.0,0,7669.0
493,494,3,5,4.5,1.0,0,0,16.9,22.2,12.2,0,10805.0
494,495,4,5,2.5,1.5,0,0,14.5,17.8,10.0,0,10106.0
495,496,5,5,3.1,0.3,0,0,15.8,18.3,13.3,0,9389.0
496,497,6,5,2.2,10.4,0,0,13.8,16.1,12.2,0,8507.0
497,498,0,5,2.1,0.0,0,0,15.9,18.9,14.4,0,11357.0
498,499,1,5,3.5,2.0,0,0,19.1,25.6,15.0,0,5374.0
499,500,2,5,4.5,3.3,0,0,17.9,24.4,11.1,0,10583.0
500,501,3,5,5.8,0.0,0,0,12.9,16.7,8.9,0,11720.0
501,502,4,5,3.8,0.0,0,0,12.9,19.4,7.2,0,13860.0
502,503,5,5,1.9,10.4,0,0,13.9,15.0,12.2,0,4432.0
503,504,6,5,2.9,0.0,0,0,14.7,18.9,12.2,0,2851.0
504,505,0,5,2.5,0.3,0,0,16.4,21.1,13.3,0,8048.0
505,506,1,5,2.4,0.0,0,0,18.2,24.4,11.7,0,13235.0
506,507,2,5,4.7,16.5,0,0,15.7,17.2,12.8,0,12786.0
507,508,3,5,4.3,9.4,0,0,13.1,14.4,12.2,0,12188.0
508,509,4,5,3.1,4.6,0,0,16.6,23.9,13.9,0,12139.0
509,510,5,5,4.0,0.0,0,0,20.5,28.3,13.9,0,11560.0
510,511,6,5,2.2,0.0,0,0,23.0,30.0,15.6,0,9069.0
511,512,0,5,3.5,0.0,0,0,23.1,31.1,17.2,0,9930.0
512,513,1,5,3.8,0.0,0,0,25.4,31.1,20.6,0,11578.0
513,514,2,6,4.3,0.0,0,0,25.5,30.6,21.1,0,12355.0
514,515,3,6,2.7,10.9,0,0,23.7,28.3,18.9,0,12366.0
515,516,4,6,2.6,0.0,0,0,22.7,26.7,20.0,0,8517.0
516,517,5,6,1.7,0.0,0,0,24.7,30.6,21.1,0,11991.0
517,518,6,6,2.6,0.0,0,0,25.4,30.6,20.6,0,9378.0
518,519,0,6,2.2,0.0,0,0,23.4,27.8,20.0,0,12468.0
519,520,1,6,2.7,8.1,0,0,23.7,27.2,22.2,0,13271.0
520,521,2,6,3.4,0.0,0,0,23.8,27.8,21.1,0,13586.0
521,522,3,6,4.7,4.1,0,0,24.7,29.4,21.1,0,13423.0
522,523,4,6,3.8,0.0,0,0,24.7,30.6,20.6,0,13730.0
523,524,5,6,4.3,0.0,0,0,25.4,30.6,18.3,0,11993.0
524,525,6,6,6.3,0.0,0,0,20.9,23.3,16.7,0,11023.0
525,526,0,6,4.3,0.0,0,0,20.3,27.8,11.7,0,13161.0
526,527,1,6,4.4,0.0,0,0,22.8,27.8,17.2,1,13949.0
527,528,2,6,4.4,0.0,0,0,25.7,35.6,18.9,0,12954.0
528,529,3,6,6.4,0.0,0,0,29.4,33.9,21.1,0,11056.0
529,530,4,6,4.9,0.0,0,0,22.7,27.2,17.8,0,13290.0
530,531,5,6,3.9,0.0,0,0,24.1,27.2,19.4,0,13550.0
531,532,6,6,3.0,0.0,0,0,22.8,28.3,18.9,0,11830.0
532,533,0,6,3.8,11.7,0,0,25.2,31.7,20.0,0,12912.0
533,534,1,6,4.6,0.0,0,0,22.6,27.8,18.9,0,9513.0
534,535,2,6,3.0,0.0,0,0,24.1,29.4,18.9,0,13902.0
535,536,3,6,3.2,0.0,0,0,24.8,32.2,18.3,0,9435.0
536,537,4,6,3.4,0.0,0,0,26.3,32.8,20.0,0,12405.0
537,538,5,6,3.5,25.1,0,0,26.7,32.8,22.2,0,13600.0
538,539,6,6,3.6,0.0,0,0,24.9,30.0,20.6,0,12356.0
539,540,0,6,3.0,13.5,0,0,24.2,27.8,21.1,0,11922.0
540,541,1,6,3.5,0.0,0,0,25.4,30.0,21.7,0,11064.0
541,542,2,6,3.5,0.0,0,0,24.9,29.4,22.2,0,13778.0
542,543,3,6,2.3,0.0,0,0,24.9,30.0,18.9,0,13318.0
543,544,4,7,4.5,8.9,0,0,24.7,30.6,20.0,0,12405.0
544,545,5,7,3.0,22.1,0,0,25.9,30.6,20.6,0,14072.0
545,546,6,7,4.7,0.0,0,0,23.7,27.8,20.0,0,13036.0
546,547,0,7,2.8,0.0,0,0,23.7,28.9,18.3,1,7600.0
547,548,1,7,3.2,6.1,0,0,25.8,31.1,21.7,0,11970.0
548,549,2,7,4.3,0.0,0,0,24.3,26.7,21.1,0,12448.0
549,550,3,7,2.1,1.8,0,0,21.7,23.3,17.8,0,12218.0
550,551,4,7,4.1,7.9,0,0,21.3,23.3,20.0,0,11581.0
551,552,5,7,3.6,6.9,0,0,26.6,32.8,23.3,0,12198.0
552,553,6,7,2.2,0.0,0,0,29.1,34.4,25.0,0,11981.0
553,554,0,7,3.7,0.0,0,0,29.4,33.9,25.0,0,12710.0
554,555,1,7,3.2,0.8,0,0,28.8,32.8,25.0,0,13168.0
555,556,2,7,3.8,4.6,0,0,28.4,33.9,25.6,0,12520.0
556,557,3,7,4.0,0.0,0,0,26.9,30.0,23.3,0,12086.0
557,558,4,7,2.6,0.0,0,0,26.4,31.1,21.1,0,12613.0
558,559,5,7,3.6,0.0,0,0,26.3,30.6,22.8,1,13837.0
559,560,6,7,3.0,0.0,0,0,27.4,32.2,23.9,0,15526.0
560,561,0,7,4.5,0.0,0,0,29.5,36.7,23.9,0,9729.0
561,562,1,7,3.5,0.0,0,0,29.7,34.4,24.4,0,12325.0
562,563,2,7,3.0,10.9,0,0,28.4,33.9,22.2,0,13300.0
563,564,3,7,3.1,0.0,0,0,26.2,33.9,21.7,0,12862.0
564,565,4,7,3.8,11.2,0,0,28.4,35.0,22.8,0,12105.0
565,566,5,7,3.3,11.7,0,0,27.1,33.3,21.1,0,10261.0
566,567,6,7,2.6,0.0,0,0,25.9,31.7,21.1,0,9615.0
567,568,0,7,3.1,0.0,0,0,26.9,32.2,21.7,0,10275.0
568,569,1,7,3.6,0.0,0,0,28.3,35.0,23.3,0,11150.0
569,570,2,7,3.8,0.0,0,0,31.2,36.7,26.1,0,11564.0
570,571,3,7,3.1,0.0,0,0,31.5,36.1,26.7,0,9364.0
571,572,4,7,3.8,0.0,0,0,31.8,37.8,27.2,0,12148.0
572,573,5,7,2.9,0.0,0,0,31.1,36.7,26.7,0,8930.0
573,574,6,7,2.9,0.0,0,0,30.9,36.1,27.2,0,10838.0
574,575,0,8,3.1,6.9,0,0,29.9,35.0,25.0,0,11948.0
575,576,1,8,3.4,2.5,0,0,27.2,33.3,23.9,0,13369.0
576,577,2,8,3.7,8.4,0,0,28.1,32.2,23.3,0,13587.0
577,578,3,8,2.3,0.0,0,0,26.9,33.3,23.9,0,13555.0
578,579,4,8,2.9,0.0,0,0,28.4,33.9,24.4,0,13186.0
579,580,5,8,3.4,0.0,0,0,27.7,32.8,23.9,0,11340.0
580,581,6,8,3.1,0.0,0,0,25.3,28.3,22.2,0,11962.0
581,582,0,8,3.0,0.0,0,0,25.3,30.0,21.1,1,11926.0
582,583,1,8,3.7,0.0,0,0,25.3,29.4,22.8,0,12424.0
583,584,2,8,3.6,1.5,0,0,27.2,34.4,23.9,0,12258.0
584,585,3,8,3.2,0.0,0,0,27.7,33.3,21.7,0,11466.0
585,586,4,8,2.9,0.0,0,0,26.6,33.3,21.1,0,10853.0
586,587,5,8,1.9,0.0,0,0,23.7,27.2,20.0,0,8717.0
587,588,6,8,4.9,0.0,0,0,28.6,35.0,25.0,0,7708.0
588,589,0,8,4.8,0.0,0,0,30.4,36.1,25.6,0,9240.0
589,590,1,8,5.0,0.0,0,0,31.2,37.2,27.2,0,11316.0
590,591,2,8,5.1,0.0,0,0,31.8,38.3,27.2,0,10988.0
591,592,3,8,3.9,0.0,0,0,32.8,37.8,26.7,0,11821.0
592,593,4,8,3.1,29.5,0,0,29.9,37.8,22.8,0,11915.0
593,594,5,8,4.3,0.0,0,0,27.9,36.1,23.9,0,11534.0
594,595,6,8,3.4,22.4,0,0,30.7,35.0,22.2,0,7252.0
595,596,0,8,3.4,0.0,0,0,27.5,33.3,23.3,0,12349.0
596,597,1,8,2.3,0.0,0,0,28.6,33.3,23.3,0,13042.0
597,598,2,8,2.8,0.0,0,0,28.3,32.8,23.9,0,12753.0
598,599,3,8,4.4,17.5,0,0,26.8,32.8,23.3,0,12524.0
599,600,4,8,4.1,0.0,0,0,25.3,29.4,20.6,0,11296.0
600,601,5,8,2.6,0.0,0,0,24.6,28.9,19.4,0,11197.0
601,602,6,8,3.9,0.0,0,0,24.7,30.0,19.4,0,10528.0
602,603,0,8,4.4,0.0,0,0,25.9,31.7,21.7,0,11429.0
603,604,1,8,3.3,0.0,0,0,29.7,35.0,25.0,0,12214.0
604,605,2,8,3.2,0.0,0,0,29.8,33.3,25.0,0,11609.0
605,606,3,9,2.3,0.0,0,0,27.5,32.2,23.3,0,9990.0
606,607,4,9,2.5,0.0,0,0,27.6,34.4,22.2,0,12709.0
607,608,5,9,2.8,0.0,0,0,28.3,32.8,23.9,0,11019.0
608,609,6,9,3.2,0.0,0,0,27.4,32.8,22.8,0,12784.0
609,610,0,9,3.6,0.8,0,0,25.9,28.3,22.2,0,11211.0
610,611,1,9,4.7,0.0,0,0,23.9,27.2,19.4,0,11749.0
611,612,2,9,6.7,0.0,0,0,23.8,27.8,21.1,0,11027.0
612,613,3,9,3.6,0.0,0,0,23.9,28.3,20.0,0,11468.0
613,614,4,9,2.5,0.0,0,0,24.2,31.1,18.3,0,11409.0
614,615,5,9,5.2,0.0,0,0,27.4,34.4,21.7,0,10372.0
615,616,6,9,2.7,0.5,0,0,28.1,34.4,22.8,0,11573.0
616,617,0,9,3.7,0.0,0,0,28.6,36.7,23.9,0,12307.0
617,618,1,9,3.2,0.0,0,0,30.1,35.6,25.6,0,12802.0
618,619,2,9,4.7,0.0,0,0,29.4,35.0,25.0,0,12520.0
619,620,3,9,4.9,0.0,0,0,27.9,30.0,21.1,0,13265.0
620,621,4,9,3.5,0.0,0,0,24.1,30.0,18.9,0,13205.0
621,622,5,9,4.6,0.0,0,0,25.3,31.7,20.6,0,12895.0
622,623,6,9,3.0,0.0,0,0,27.0,35.0,20.6,0,11338.0
623,624,0,9,4.2,0.0,0,0,24.1,25.0,19.4,0,8459.0
624,625,1,9,3.0,0.0,0,0,21.8,26.1,18.9,0,12625.0
625,626,2,9,3.7,0.0,0,0,23.5,28.3,20.0,0,12486.0
626,627,3,9,4.1,0.0,0,0,25.5,31.7,21.7,1,12725.0
627,628,4,9,3.0,11.7,0,0,24.8,25.6,22.8,0,13336.0
628,629,5,9,3.8,0.0,0,0,23.6,26.7,21.7,0,13092.0
629,630,6,9,3.5,0.0,0,0,24.9,27.8,22.8,0,11943.0
630,631,0,9,3.1,0.0,0,0,25.1,30.6,20.0,0,11451.0
631,632,1,9,2.2,0.0,0,0,24.6,32.2,18.9,0,12351.0
632,633,2,9,3.8,0.0,0,0,23.2,25.0,18.3,0,7723.0
633,634,3,9,2.8,0.0,0,0,19.3,23.9,15.0,0,5886.0
634,635,4,9,4.4,3.0,0,0,19.7,21.7,17.8,0,8526.0
635,636,5,10,2.4,10.9,0,0,20.7,25.0,18.3,0,6629.0
636,637,6,10,4.4,7.9,0,0,19.5,21.7,17.8,0,10444.0
637,638,0,10,7.0,25.9,0,0,20.8,21.1,18.3,0,12301.0
638,639,1,10,6.6,2.8,0,0,18.0,18.9,16.7,0,12794.0
639,640,2,10,3.8,5.8,0,0,18.3,19.4,17.2,0,12590.0
640,641,3,10,1.6,0.5,0,0,19.9,24.4,18.3,0,12362.0
641,642,4,10,3.0,0.0,0,0,21.3,25.6,17.2,0,13195.0
642,643,5,10,4.3,0.0,0,0,18.9,24.4,15.0,0,5125.0
643,644,6,10,3.7,0.0,0,0,17.9,22.2,14.4,0,10026.0
644,645,0,10,3.0,0.0,0,0,18.1,21.1,15.6,0,10415.0
645,646,1,10,3.3,0.0,0,0,19.1,23.3,16.7,0,11529.0
646,647,2,10,4.2,6.4,0,0,19.2,19.4,18.3,1,11797.0
647,648,3,10,8.9,2.3,0,0,17.3,20.6,12.2,0,12239.0
648,649,4,10,4.8,0.0,0,0,14.2,18.9,9.4,0,12471.0
649,650,5,10,1.7,0.0,0,0,13.5,20.0,7.8,0,12319.0
650,651,6,10,1.7,0.0,0,0,15.1,21.1,10.0,0,11253.0
651,652,0,10,3.8,0.0,0,0,16.4,22.8,12.2,0,11905.0
652,653,1,10,2.2,0.0,0,0,14.6,19.4,9.4,0,12986.0
653,654,2,10,2.2,0.0,0,0,14.8,20.6,10.0,0,12922.0
654,655,3,10,3.1,0.0,0,0,16.2,22.8,11.7,0,13019.0
655,656,4,10,3.0,0.0,0,0,20.1,27.8,15.0,0,10585.0
656,657,5,10,3.8,0.0,0,0,21.1,27.8,17.2,0,8904.0
657,658,6,10,2.2,0.0,0,0,23.3,30.6,18.3,0,9605.0
658,659,0,10,3.7,0.5,0,0,23.8,29.4,20.0,1,10800.0
659,660,1,10,5.8,6.6,0,0,21.1,26.1,14.4,0,11181.0
660,661,2,10,8.5,0.0,0,0,14.0,16.1,10.6,0,10697.0
661,662,3,10,4.6,0.0,0,0,13.2,20.6,7.2,0,9280.0
662,663,4,10,5.1,0.0,0,0,16.3,21.7,10.6,0,10627.0
663,664,5,10,5.0,0.0,0,0,13.1,17.8,8.3,0,11615.0
664,665,6,10,2.1,0.0,0,0,10.4,14.4,5.0,0,10902.0
665,666,0,10,3.3,0.8,0,0,12.9,17.2,10.0,0,10726.0
666,667,1,11,5.6,0.0,0,0,14.4,17.2,8.3,0,11369.0
667,668,2,11,3.8,0.0,0,0,13.9,23.9,6.7,0,12123.0
668,669,3,11,4.1,0.0,0,0,18.8,26.7,14.4,0,11958.0
669,670,4,11,3.8,0.0,0,0,15.1,16.7,8.9,0,11980.0
670,671,5,11,2.6,0.0,0,0,12.1,16.1,8.9,0,11303.0
671,672,6,11,2.4,0.0,0,0,15.8,22.8,11.7,0,9840.0
672,673,0,11,4.1,0.0,0,0,19.3,28.3,14.4,0,10155.0
673,674,1,11,5.1,0.0,0,0,16.6,18.3,9.4,0,12026.0
674,675,2,11,2.6,0.0,0,0,13.1,20.6,6.7,0,7399.0
675,676,3,11,4.2,0.0,0,0,14.9,21.1,10.0,0,10251.0
676,677,4,11,2.6,0.0,0,0,11.7,16.1,6.7,0,9848.0
677,678,5,11,2.3,0.0,0,0,10.9,20.0,5.0,0,8327.0
678,679,6,11,4.6,4.8,0,0,14.2,18.9,10.6,0,8155.0
679,680,0,11,5.0,0.0,0,0,11.8,17.2,6.7,0,9210.0
680,681,1,11,5.9,0.0,0,0,13.2,19.4,7.8,0,10395.0
681,682,2,11,3.6,0.0,0,0,8.7,11.7,2.8,1,10046.0
682,683,3,11,2.4,0.0,0,0,7.6,17.8,0.6,0,10495.0
683,684,4,11,1.7,0.0,0,0,8.4,13.3,2.2,0,11253.0
684,685,5,11,3.0,0.0,0,0,12.6,18.9,9.4,0,8247.0
685,686,6,11,3.0,0.5,0,0,11.5,19.4,5.0,0,3826.0
686,687,0,11,2.9,0.0,0,0,12.1,17.2,6.7,0,6826.0
687,688,1,11,1.7,0.0,0,0,12.1,21.1,5.0,0,7626.0
688,689,2,11,4.5,1.3,0,0,12.3,22.2,5.6,0,6903.0
689,690,3,11,8.9,0.0,0,0,5.8,8.3,2.8,0,3328.0
690,691,4,11,5.7,0.0,0,0,4.2,8.3,2.2,0,5831.0
691,692,5,11,4.5,0.0,0,0,4.8,10.6,1.1,0,4991.0
692,693,6,11,1.4,0.0,0,0,5.8,10.6,0.0,0,4867.0
693,694,0,11,1.0,0.0,0,0,9.4,13.9,6.1,0,8027.0
694,695,1,11,1.6,0.0,0,0,9.8,14.4,6.7,0,6331.0
695,696,2,11,5.6,0.0,0,0,9.2,11.1,5.6,0,6170.0
696,697,3,12,2.6,0.0,0,0,7.5,12.2,3.9,0,9131.0
697,698,4,12,2.9,0.0,0,0,6.4,12.2,1.7,0,8411.0
698,699,5,12,2.2,3.0,0,0,11.9,17.2,8.9,0,6209.0
699,700,6,12,2.7,9.7,0,0,15.5,20.6,11.1,0,5264.0
700,701,0,12,5.2,3.6,0,0,13.8,17.2,8.3,0,8210.0
701,702,1,12,5.7,0.0,0,0,9.0,12.8,6.7,0,3893.0
702,703,2,12,6.0,0.0,0,0,7.8,10.6,5.6,0,8655.0
703,704,3,12,3.3,1.3,0,0,5.9,8.3,3.3,0,7993.0
704,705,4,12,3.8,4.6,0,0,7.8,13.9,4.4,0,6419.0
705,706,5,12,4.4,26.2,0,0,7.0,7.8,5.6,0,4202.0
706,707,6,12,3.3,0.0,0,0,7.9,11.1,2.8,0,3815.0
707,708,0,12,3.9,0.0,0,0,6.2,8.9,1.1,0,7037.0
708,709,1,12,6.0,0.0,0,0,1.9,5.0,-1.0,0,7743.0
709,710,2,12,4.4,0.0,0,0,0.7,3.9,-3.2,0,7610.0
710,711,3,12,3.2,0.0,0,0,0.7,6.1,-1.6,0,4556.0
711,712,4,12,4.5,4.1,0,0,7.1,13.3,5.0,0,4517.0
712,713,5,12,2.4,0.0,0,0,6.6,8.3,4.4,0,2319.0
713,714,6,12,3.4,0.0,0,0,5.7,9.4,2.8,0,3313.0
714,715,0,12,7.6,0.0,0,0,0.2,4.4,-7.7,0,6328.0
715,716,1,12,3.4,0.0,0,0,-5.9,-1.0,-8.2,0,6106.0
716,717,2,12,3.7,6.6,0,0,-0.1,10.0,-2.1,0,6587.0
717,718,3,12,7.5,0.3,0,0,10.2,19.4,2.2,0,6187.0
718,719,4,12,4.3,0.0,0,0,1.8,3.9,-0.5,0,4209.0
719,720,5,12,2.3,0.0,0,0,-0.3,2.8,-3.2,0,1372.0
720,721,6,12,2.2,0.0,0,0,2.7,8.9,-2.7,0,2155.0
721,722,0,12,4.6,0.0,0,0,6.7,15.6,1.7,0,2361.0
722,723,1,12,2.6,0.0,0,0,4.3,8.9,-0.5,0,5803.0
723,724,2,12,2.7,13.7,0,0,5.9,8.9,2.2,0,6396.0
724,725,3,12,1.7,0.0,0,0,5.9,10.6,1.7,0,4254.0
725,726,4,12,2.7,0.0,0,0,5.4,9.4,2.8,0,4447.0
